Name,GP,MIN,PTS,FGM,FGA,FG%,3PM,3PA,3P%,FTM,FTA,FT%,OREB,DREB,REB,AST,STL,BLK,TOV,EFF
Kobe Bryant,77,40.8,31.6,10.6,22.8,46.3,1.8,5.2,34.4,8.7,10.0,86.8,1.0,4.7,5.7,5.4,1.4,0.5,3.3,27.6
Carmelo Anthony,65,38.2,28.9,10.6,22.4,47.6,0.6,2.3,26.8,7.1,8.7,80.8,2.2,3.8,6.0,3.8,1.2,0.4,3.6,23.3
Gilbert Arenas,74,39.8,28.4,8.7,20.9,41.8,2.8,7.9,35.1,8.2,9.7,84.4,0.8,3.7,4.6,6.0,1.9,0.2,3.2,24.2
LeBron James,78,40.9,27.3,9.9,20.8,47.6,1.3,4.0,31.9,6.3,9.0,69.8,1.1,5.7,6.7,6.0,1.6,0.7,3.2,25.6
Michael Redd,53,38.4,26.7,9.0,19.3,46.5,2.2,5.8,38.2,6.5,7.8,82.9,0.8,2.9,3.7,2.3,1.2,0.2,2.3,20.1
Ray Allen,55,40.3,26.4,9.2,21.0,43.8,3.0,8.1,37.2,5.1,5.6,90.3,1.0,3.5,4.5,4.1,1.5,0.2,2.8,21.6
Allen Iverson,65,42.5,26.3,8.9,20.2,44.2,1.0,3.0,31.5,7.5,9.4,79.5,0.4,2.6,3.0,7.2,1.9,0.2,4.1,21.2
Vince Carter,82,38.1,25.2,8.9,19.5,45.4,1.9,5.3,35.7,5.6,7.0,80.2,1.4,4.6,6.0,4.8,1.0,0.4,2.6,22.7
Joe Johnson,57,41.4,25.0,9.4,20.0,47.1,2.1,5.5,38.1,4.1,5.5,74.8,0.9,3.3,4.2,4.4,1.1,0.2,3.1,19.8
Tracy McGrady,71,35.8,24.6,9.0,20.8,43.1,1.8,5.4,33.1,4.9,6.9,70.7,0.8,4.5,5.3,6.5,1.3,0.5,3.0,21.3
Dirk Nowitzki,78,36.2,24.6,8.6,17.2,50.2,0.9,2.2,41.6,6.4,7.1,90.4,1.6,7.3,8.9,3.4,0.7,0.8,2.1,26.9
Zach Randolph,68,35.7,23.6,8.8,18.9,46.7,0.2,0.7,29.2,5.8,7.1,81.9,2.9,7.2,10.1,2.2,0.8,0.2,3.2,22.4
Chris Bosh,69,38.5,22.6,7.9,15.9,49.6,0.2,0.5,34.3,6.7,8.6,78.5,2.7,8.0,10.7,2.5,0.6,1.3,2.6,25.3
Kevin Garnett,76,39.4,22.4,8.4,17.6,47.6,0.2,0.7,21.4,5.5,6.6,83.5,2.4,10.4,12.8,4.1,1.2,1.7,2.7,29.2
Ben Gordon,82,33.0,21.4,7.4,16.3,45.5,1.9,4.6,41.3,4.6,5.4,86.4,0.4,2.7,3.1,3.6,0.8,0.2,3.0,16.5
Carlos Boozer,74,34.6,20.9,8.7,15.6,56.1,0.0,0.0,0.0,3.4,5.0,68.5,3.2,8.5,11.7,3.0,0.9,0.3,2.6,25.8
Elton Brand,80,38.5,20.5,8.1,15.1,53.3,0.0,0.0,100,4.4,5.8,76.1,3.4,6.0,9.3,2.9,1.0,2.2,2.5,25.0
Amar'e Stoudemire,82,32.8,20.4,7.4,12.9,57.5,0.0,0.0,0.0,5.6,7.1,78.1,2.7,6.9,9.6,1.0,1.0,1.3,2.8,23.4
Kevin Martin,80,35.2,20.2,6.3,13.3,47.3,1.6,4.2,38.1,6.0,7.1,84.4,0.9,3.4,4.3,2.2,1.2,0.1,1.7,18.2
Tim Duncan,80,34.1,20.0,7.7,14.1,54.6,0.0,0.1,11.1,4.5,7.1,63.7,2.7,7.9,10.6,3.4,0.8,2.4,2.8,25.4
Antawn Jamison,70,38.0,19.8,7.3,16.3,45.0,2.0,5.4,36.4,3.2,4.4,73.6,1.9,6.1,8.0,1.9,1.1,0.5,1.5,19.9
Richard Hamilton,75,36.8,19.8,7.3,15.6,46.8,0.6,1.7,34.1,4.6,5.4,86.1,1.0,2.8,3.8,3.8,0.8,0.2,2.1,17.2
Eddy Curry,81,35.2,19.5,7.2,12.5,57.6,0.0,0.0,100,5.0,8.1,61.5,2.4,4.6,7.0,0.8,0.4,0.5,3.6,16.2
Josh Howard,70,35.1,18.9,7.0,15.4,45.9,1.3,3.4,38.5,3.5,4.2,82.7,1.9,4.9,6.8,1.8,1.2,0.8,1.8,18.6
Metta World Peace,70,37.7,18.8,6.5,14.9,44.0,1.3,3.7,35.8,4.4,5.9,74.0,1.5,5.0,6.5,3.4,2.1,0.6,2.1,19.4
Luol Deng,82,37.5,18.8,7.7,14.9,51.7,0.0,0.1,14.3,3.4,4.4,77.7,1.8,5.3,7.1,2.5,1.2,0.6,1.9,20.1
Steve Nash,76,35.3,18.6,6.8,12.8,53.2,2.1,4.5,45.5,2.9,3.3,89.9,0.4,3.1,3.5,11.6,0.8,0.1,3.8,24.5
Tony Parker,77,32.5,18.6,7.4,14.2,52.0,0.2,0.5,39.5,3.6,4.5,78.3,0.4,2.8,3.2,5.5,1.1,0.1,2.5,18.1
Mike Miller,70,39.1,18.5,6.6,14.4,46.0,2.9,7.1,40.6,2.3,2.9,79.3,0.7,4.7,5.4,4.3,0.8,0.3,2.6,18.2
Andre Iguodala,76,40.3,18.2,5.8,13.0,44.7,0.6,2.0,31.0,5.9,7.3,82.0,1.0,4.7,5.7,5.7,2.0,0.4,3.4,20.1
Gerald Wallace,72,36.7,18.1,6.6,13.2,50.2,0.5,1.7,32.5,4.3,6.2,69.1,2.0,5.2,7.2,2.6,2.0,1.0,2.2,20.1
Leandro Barbosa,80,32.7,18.1,6.6,13.9,47.6,2.4,5.5,43.4,2.5,2.9,84.5,0.3,2.4,2.7,4.0,1.2,0.2,1.8,16.5
Dwight Howard,82,36.9,17.6,6.4,10.6,60.3,0.0,0.0,50.0,4.8,8.1,58.6,3.5,8.8,12.3,1.9,0.9,1.9,3.9,23.1
Mehmet Okur,80,33.3,17.6,6.1,13.3,46.2,1.6,4.2,38.4,3.7,4.8,76.5,2.0,5.2,7.2,2.0,0.5,0.5,1.6,17.8
Shawn Marion,80,37.6,17.5,7.0,13.4,52.4,1.0,3.2,31.7,2.5,3.1,81.0,2.2,7.7,9.8,1.7,2.0,1.5,1.4,24.1
Mike Bibby,82,34.0,17.1,5.7,14.2,40.4,2.1,5.9,36.0,3.5,4.2,83.0,0.5,2.7,3.2,4.7,1.1,0.1,2.4,14.6
Chauncey Billups,70,36.2,17.0,5.0,11.6,42.7,1.6,4.5,34.5,5.5,6.2,88.3,0.3,3.1,3.4,7.2,1.2,0.2,2.0,19.6
Ricky Davis,81,37.3,17.0,6.2,13.4,46.5,1.5,3.8,39.7,3.0,3.5,83.9,0.7,3.2,3.9,4.8,1.0,0.3,2.6,16.5
Corey Maggette,75,30.5,16.9,4.9,10.8,45.4,0.2,0.9,20.0,6.9,8.4,82.0,1.2,4.7,5.9,2.8,0.9,0.2,2.7,16.5
Jason Terry,81,35.1,16.7,6.3,13.1,48.4,2.0,4.6,43.8,2.0,2.5,80.4,0.5,2.3,2.9,5.2,1.0,0.2,1.9,16.8
Kirk Hinrich,80,35.5,16.6,5.9,13.3,44.8,1.8,4.2,41.5,3.0,3.6,83.5,0.4,3.0,3.4,6.3,1.3,0.3,2.4,17.5
Manu Ginobili,75,27.5,16.5,5.3,11.4,46.4,1.7,4.3,39.6,4.3,5.0,86.0,0.8,3.6,4.4,3.5,1.5,0.4,2.1,17.3
Monta Ellis,77,34.3,16.5,6.2,13.1,47.5,0.5,1.9,27.3,3.5,4.6,76.3,0.8,2.4,3.2,4.1,1.7,0.3,2.9,14.9
Al Harrington,78,32.9,16.5,6.3,13.9,45.7,1.6,3.8,43.3,2.2,3.1,69.4,1.9,4.4,6.4,1.9,0.8,0.3,2.2,15.2
Josh Smith,72,36.8,16.4,6.1,13.8,43.9,0.5,2.1,25.0,3.7,5.4,69.3,2.3,6.3,8.6,3.3,1.4,2.9,3.2,20.0
Stephon Marbury,74,37.1,16.4,5.3,12.9,41.5,1.7,4.7,35.7,4.0,5.2,76.9,0.5,2.4,2.9,5.4,1.0,0.1,2.4,14.6
Deron Williams,80,36.9,16.2,6.2,13.5,45.6,1.0,3.2,32.2,2.8,3.7,76.7,0.5,2.8,3.3,9.3,1.0,0.2,3.1,18.7
Stephen Jackson,75,33.1,15.5,5.5,12.6,43.3,1.3,4.1,32.2,3.2,4.0,81.3,0.8,2.1,3.0,3.8,1.1,0.5,2.4,13.5
Larry Hughes,70,37.1,14.9,5.4,13.6,40.0,1.1,3.2,33.3,3.0,4.4,67.6,0.6,3.2,3.8,3.7,1.3,0.4,2.2,12.2
Ruben Patterson,81,31.0,14.7,5.9,10.7,54.8,0.0,0.2,15.8,3.0,4.6,64.1,2.3,3.1,5.4,2.9,1.4,0.3,2.5,15.7
Raja Bell,78,37.4,14.7,5.3,12.2,43.2,2.6,6.4,41.3,1.5,1.9,77.6,0.6,2.6,3.2,2.5,0.6,0.3,1.1,12.9
Kyle Korver,74,30.9,14.4,5.0,11.4,44.0,1.8,4.1,43.0,2.6,2.8,91.4,0.4,3.1,3.5,1.4,0.8,0.3,1.6,12.2
Tayshaun Prince,82,36.6,14.3,5.6,12.2,46.0,1.0,2.6,38.6,2.1,2.7,76.8,1.8,3.5,5.2,2.8,0.6,0.7,1.2,15.2
Raymond Felton,78,36.3,14.0,5.0,13.1,38.4,1.3,4.0,33.0,2.6,3.3,79.7,0.7,2.8,3.4,7.0,1.5,0.1,2.9,14.4
T.J. Ford,75,29.9,14.0,5.2,12.0,43.6,0.3,0.9,30.4,3.2,3.9,81.9,0.7,2.4,3.1,7.9,1.3,0.1,3.1,15.9
Danny Granger,82,34.0,13.9,4.9,10.6,45.9,1.3,3.5,38.2,2.9,3.6,80.3,1.4,3.3,4.6,1.4,0.8,0.7,1.6,13.4
Cuttino Mobley,78,36.4,13.8,5.0,11.3,44.0,1.3,3.2,41.1,2.6,3.1,83.7,0.7,2.8,3.4,2.5,1.2,0.3,1.9,12.6
Desmond Mason,75,34.3,13.7,5.4,12.0,45.2,0.0,0.0,0.0,2.9,4.3,66.3,1.7,2.9,4.6,1.5,0.7,0.3,2.6,10.2
Charlie Bell,82,34.7,13.5,5.2,11.9,43.7,1.5,4.4,35.2,1.6,2.0,78.0,0.7,2.2,2.9,3.0,1.2,0.0,1.3,12.3
Chris Wilcox,82,31.5,13.5,5.3,10.0,52.9,0.0,0.1,0.0,2.9,4.3,68.4,2.2,5.5,7.7,1.0,0.9,0.5,1.5,15.9
Andre Miller,80,37.1,13.4,5.3,11.4,46.6,0.1,0.4,14.3,2.8,3.5,78.4,1.2,3.2,4.4,7.8,1.4,0.1,2.8,17.6
Hedo Turkoglu,73,31.1,13.3,4.7,11.3,41.9,1.5,3.8,38.8,2.3,3.0,78.1,0.8,3.2,4.0,3.2,1.0,0.2,2.0,12.5
Rafer Alston,82,37.1,13.3,4.7,12.4,37.5,2.3,6.5,36.3,1.6,2.2,73.4,0.4,3.1,3.4,5.4,1.6,0.1,2.1,13.4
Chucky Atkins,75,27.5,13.2,4.1,9.5,43.4,1.5,4.1,37.9,3.4,4.1,81.0,0.2,1.6,1.9,4.6,0.7,0.1,1.7,12.5
Jason Kidd,80,36.7,13.0,4.6,11.4,40.6,1.6,4.5,34.3,2.2,2.9,77.8,1.7,6.5,8.2,9.2,1.6,0.3,2.7,22.2
Jameer Nelson,77,30.3,13.0,4.9,11.4,43.0,0.8,2.5,33.5,2.4,2.9,82.8,0.6,2.4,3.1,4.3,0.9,0.1,2.4,12.0
Jamaal Tinsley,72,31.2,12.8,4.8,12.3,38.9,0.8,2.7,31.6,2.4,3.3,72.0,0.8,2.5,3.3,6.9,1.6,0.3,2.8,13.8
Mike Dunleavy,82,31.5,12.8,4.7,10.4,45.2,0.9,2.7,31.3,2.6,3.3,78.4,1.0,4.2,5.3,2.8,1.0,0.3,1.8,13.9
Hakim Warrick,82,26.2,12.7,4.5,8.7,52.4,0.0,0.1,0.0,3.6,4.7,77.1,1.6,3.5,5.1,0.9,0.5,0.4,2.0,12.5
Anthony Parker,73,33.4,12.4,4.5,9.4,47.7,1.6,3.6,44.1,1.8,2.2,83.5,0.8,3.1,3.9,2.1,1.0,0.2,1.0,13.2
Rasheed Wallace,75,32.3,12.3,4.8,11.2,42.3,1.4,3.9,35.1,1.4,1.8,78.8,1.2,6.0,7.2,1.7,1.0,1.6,1.3,15.7
Mark Blount,82,31.0,12.3,5.2,10.2,50.9,0.1,0.4,29.0,1.8,2.4,75.4,1.7,4.5,6.2,0.8,0.5,0.7,1.9,13.0
Zaza Pachulia,72,28.1,12.2,4.0,8.5,47.4,0.0,0.0,0.0,4.1,5.2,78.6,2.8,4.2,6.9,1.5,1.1,0.5,2.3,14.3
Matt Carroll,72,26.1,12.1,4.0,9.1,43.3,1.5,3.7,41.6,2.6,2.9,90.4,0.5,2.4,2.9,1.3,0.7,0.1,1.0,10.6
Ryan Gomes,73,31.2,12.1,4.6,9.9,46.7,0.2,0.6,38.1,2.6,3.2,81.1,1.7,3.9,5.6,1.6,0.7,0.2,1.4,12.8
Jarrett Jack,79,33.6,12.0,4.1,8.9,45.4,0.8,2.3,35.0,3.1,3.5,87.1,0.2,2.4,2.6,5.3,1.1,0.1,2.4,13.4
Zydrunas Ilgauskas,78,27.3,11.9,4.9,10.2,48.5,0.0,0.0,0.0,2.0,2.5,80.7,3.1,4.6,7.7,1.6,0.6,1.3,1.8,15.5
Adam Morrison,78,29.8,11.8,4.6,12.1,37.6,1.1,3.3,33.7,1.5,2.2,71.0,0.7,2.3,2.9,2.1,0.4,0.1,1.7,7.4
Matt Harpring,77,25.5,11.6,4.2,8.5,49.1,0.2,0.5,33.3,3.1,4.0,76.7,1.5,3.1,4.6,1.3,0.7,0.1,1.5,11.5
Willie Green,74,24.9,11.3,4.8,11.7,41.1,0.7,2.1,32.5,1.0,1.5,66.7,0.6,1.6,2.1,1.5,0.8,0.1,1.4,7.0
DeShawn Stevenson,82,29.5,11.2,4.2,9.2,46.1,0.9,2.2,40.4,1.9,2.6,70.4,0.7,2.0,2.6,2.7,0.8,0.2,1.5,10.4
Marcus Camby,70,33.8,11.2,4.5,9.4,47.3,0.0,0.0,0.0,2.3,3.2,72.9,2.3,9.3,11.7,3.2,1.2,3.3,1.7,23.0
Mickael Pietrus,72,26.9,11.1,4.0,8.1,48.8,1.3,3.3,38.8,1.9,2.9,64.8,1.1,3.4,4.5,0.9,0.7,0.8,1.5,11.3
Drew Gooden,80,28.0,11.1,4.6,9.8,47.3,0.0,0.1,16.7,1.8,2.5,71.4,3.3,5.2,8.5,1.1,0.9,0.4,1.4,14.6
Smush Parker,82,30.0,11.1,4.2,9.6,43.6,1.3,3.7,36.5,1.4,2.1,64.6,0.5,2.0,2.5,2.8,1.5,0.1,1.9,9.9
Tim Thomas,76,27.0,11.0,3.9,9.5,41.4,1.8,4.7,38.2,1.3,1.9,70.8,0.8,4.1,5.0,2.3,0.7,0.4,1.4,11.8
Luke Ridnour,71,29.5,11.0,4.2,9.8,43.3,0.7,2.0,35.3,1.8,2.2,80.5,0.4,1.9,2.3,5.2,1.2,0.3,2.2,11.7
Luther Head,80,27.6,10.9,3.8,8.8,43.7,2.2,5.0,44.1,1.0,1.3,79.0,0.4,2.8,3.2,2.4,1.0,0.1,1.7,10.6
Rudy Gay,78,27.0,10.8,4.1,9.7,42.2,0.7,1.8,36.4,1.9,2.7,72.7,1.2,3.3,4.5,1.3,0.9,0.9,1.8,10.3
Samuel Dalembert,82,30.9,10.7,4.3,8.0,54.1,0.0,0.0,0.0,2.0,2.7,74.6,2.9,6.0,8.9,0.8,0.6,1.9,2.0,16.6
Udonis Haslem,79,31.4,10.7,4.5,9.1,49.2,0.0,0.1,0.0,1.7,2.6,68.0,2.4,5.9,8.3,1.2,0.6,0.3,1.4,14.3
Gerald Green,81,22.0,10.4,3.8,9.1,41.9,1.2,3.2,36.8,1.6,2.0,80.5,0.8,1.7,2.6,1.0,0.5,0.3,1.5,7.6
Devin Harris,80,26.0,10.2,3.7,7.4,49.2,0.2,0.6,28.0,2.7,3.3,82.4,0.6,1.9,2.5,3.7,1.2,0.3,1.8,11.6
Randy Foye,82,22.9,10.1,3.7,8.4,43.4,0.8,2.3,36.8,2.0,2.3,85.4,0.6,2.1,2.7,2.8,0.6,0.3,1.9,9.6
Shane Battier,82,36.4,10.1,3.6,8.0,44.6,1.9,4.5,42.1,1.1,1.4,77.9,0.8,3.3,4.1,2.1,1.0,0.7,0.9,12.5
Rasual Butler,81,27.4,10.1,3.9,9.7,39.8,1.7,4.5,36.9,0.7,1.1,64.4,0.5,2.6,3.2,0.8,0.5,0.7,0.8,8.1
Mike James,82,25.2,10.1,3.6,8.6,42.2,1.0,2.6,37.2,1.9,2.2,83.7,0.3,1.7,2.0,3.6,0.7,0.1,1.6,9.6
Derek Fisher,82,27.9,10.1,3.1,8.2,38.2,0.6,1.9,30.8,3.2,3.7,85.3,0.4,1.5,1.8,3.3,1.0,0.1,1.5,9.2
Chris Kaman,75,29.0,10.1,3.9,8.7,45.1,0.0,0.0,0.0,2.2,3.0,74.1,2.1,5.7,7.8,1.1,0.5,1.5,2.0,13.5
Shareef Abdur-Rahim,80,25.2,9.9,3.9,8.2,47.4,0.0,0.3,15.0,2.1,2.9,72.6,1.5,3.5,5.0,1.4,0.7,0.5,1.5,10.9
Mikki Moore,79,26.4,9.8,3.9,6.4,60.9,0.0,0.0,0.0,2.0,3.0,68.1,1.8,3.3,5.1,0.9,0.6,0.8,1.4,12.3
Matt Barnes,76,23.9,9.8,3.6,8.3,43.8,1.4,3.8,36.6,1.2,1.6,73.2,1.2,3.4,4.6,2.1,1.0,0.5,1.4,11.5
Boris Diaw,73,31.1,9.7,4.2,7.8,53.8,0.2,0.6,33.3,1.1,1.6,68.3,1.2,3.1,4.3,4.8,0.4,0.5,2.1,13.5
Juwan Howard,80,26.5,9.7,3.9,8.3,46.5,0.0,0.0,0.0,1.9,2.4,82.4,1.7,4.2,5.9,1.6,0.4,0.1,1.4,11.4
Nick Collison,82,29.0,9.6,3.9,7.8,50.0,0.0,0.0,0.0,1.9,2.4,77.4,2.8,5.3,8.1,1.0,0.6,0.8,1.5,14.2
Juan Dixon,81,23.8,9.6,3.7,8.7,42.5,1.0,2.8,35.0,1.2,1.4,87.1,0.3,1.6,2.0,1.5,0.9,0.1,1.2,7.7
Andris Biedrins,82,29.0,9.5,4.2,7.1,59.9,0.0,0.0,0.0,1.1,2.0,52.1,3.1,6.2,9.3,1.1,0.8,1.7,1.5,17.1
Channing Frye,72,26.3,9.5,4.1,9.6,43.3,0.0,0.3,16.7,1.2,1.5,78.7,1.3,4.2,5.5,0.9,0.5,0.6,1.4,9.9
Tyson Chandler,73,34.6,9.5,4.0,6.4,62.4,0.0,0.0,0.0,1.5,2.8,52.7,4.4,8.0,12.4,0.9,0.5,1.8,1.7,19.6
Earl Watson,77,27.9,9.4,3.4,8.9,38.3,1.2,3.6,32.9,1.4,1.9,73.5,0.4,2.0,2.4,5.7,1.3,0.3,2.2,10.9
Jannero Pargo,82,20.9,9.2,3.5,8.4,40.9,1.0,2.5,38.8,1.3,1.5,85.2,0.2,2.0,2.2,2.5,0.6,0.0,1.5,7.8
Bostjan Nachbar,76,20.2,9.2,3.0,6.5,45.7,1.5,3.5,42.3,1.7,2.2,80.5,0.4,3.0,3.3,0.8,0.4,0.3,0.9,9.2
Michael Finley,82,22.2,9.0,3.3,8.1,41.2,1.3,3.5,36.4,1.1,1.2,91.8,0.4,2.3,2.7,1.3,0.4,0.2,0.6,8.2
Morris Peterson,71,21.3,8.9,3.1,7.3,42.9,1.5,4.2,35.9,1.2,1.7,68.3,0.5,2.9,3.3,0.7,0.6,0.2,0.7,8.3
Damien Wilkins,82,24.8,8.8,3.2,7.3,43.5,0.6,1.5,41.0,1.8,2.1,88.2,1.1,1.7,2.8,1.9,1.1,0.2,1.4,9.0
Jose Calderon,77,21.0,8.7,3.4,6.6,52.1,0.3,1.0,33.3,1.5,1.9,81.8,0.3,1.5,1.7,5.0,0.8,0.1,1.4,11.4
Alonzo Mourning,77,20.4,8.6,3.1,5.5,56.0,0.0,0.0,0.0,2.4,4.0,60.1,1.6,2.9,4.5,0.2,0.2,2.3,1.7,10.1
John Salmons,79,27.0,8.5,3.0,6.5,45.6,0.5,1.4,35.7,2.0,2.6,77.9,0.6,2.7,3.3,3.2,0.9,0.3,1.5,10.7
Brent Barry,75,21.7,8.5,2.7,5.7,47.5,1.7,3.8,44.6,1.4,1.6,88.0,0.2,1.9,2.1,1.8,0.7,0.2,0.8,9.4
Antoine Walker,78,23.3,8.5,3.4,8.6,39.7,1.1,3.9,27.5,0.6,1.3,43.8,1.2,3.2,4.3,1.7,0.6,0.2,1.8,7.6
Maurice Evans,76,22.8,8.4,3.1,7.1,43.2,0.6,1.8,36.1,1.6,2.0,78.7,1.2,1.7,2.9,1.0,0.5,0.2,0.8,7.7
Ime Udoka,75,28.6,8.4,3.2,6.9,46.1,1.2,2.9,40.6,0.9,1.2,74.2,1.3,2.5,3.7,1.5,0.9,0.2,1.0,9.8
Andrei Kirilenko,70,29.3,8.3,2.8,6.0,47.1,0.2,1.1,21.3,2.5,3.4,72.8,1.3,3.4,4.7,2.9,1.1,2.1,1.9,13.0
Antonio McDyess,82,21.1,8.1,3.5,6.6,52.6,0.0,0.0,0.0,1.2,1.7,69.1,2.0,4.0,6.0,0.9,0.7,0.8,0.9,12.0
Darko Milicic,80,23.9,8.0,3.1,6.9,45.4,0.0,0.0,0.0,1.8,2.9,61.3,1.8,3.7,5.5,1.1,0.6,1.8,1.6,10.5
Andrew Bynum,82,21.9,7.8,3.0,5.4,55.8,0.0,0.0,0.0,1.7,2.6,66.8,1.7,4.2,5.9,1.1,0.1,1.6,1.4,11.9
James Posey,71,27.0,7.7,2.6,6.1,43.1,1.4,3.6,37.5,1.1,1.4,82.7,0.9,4.1,5.0,1.3,1.0,0.3,0.8,10.9
Carlos Arroyo,72,18.1,7.7,2.8,6.6,42.5,0.2,0.7,27.5,1.8,2.3,79.5,0.4,1.4,1.9,2.8,0.5,0.0,1.3,7.4
Linas Kleiza,79,18.8,7.6,2.5,6.0,42.2,1.1,2.8,37.6,1.5,1.7,85.2,1.0,2.4,3.4,0.6,0.4,0.2,1.0,7.3
Dahntay Jones,78,21.4,7.5,2.8,5.9,47.7,0.1,0.2,41.7,1.8,2.2,79.3,0.6,1.4,2.0,0.9,0.5,0.3,1.2,6.4
Craig Smith,82,18.7,7.4,3.0,5.6,53.1,0.0,0.1,0.0,1.4,2.3,62.4,1.8,3.3,5.1,0.6,0.6,0.2,0.9,9.5
Jarvis Hayes,81,20.1,7.2,2.8,6.7,41.0,0.8,2.3,36.1,0.9,1.0,84.5,0.5,2.1,2.6,1.0,0.6,0.2,0.7,6.7
Chris Duhon,78,24.4,7.2,2.5,6.2,40.8,1.1,3.1,35.9,1.0,1.3,75.2,0.3,1.9,2.2,4.0,0.9,0.1,1.3,8.9
Antonio Daniels,80,22.0,7.1,2.2,4.9,44.2,0.2,0.8,30.2,2.6,3.1,83.2,0.2,1.7,1.9,3.6,0.5,0.1,0.9,9.2
Erick Dampier,76,25.2,7.1,2.8,4.4,62.6,0.0,0.0,0.0,1.6,2.5,62.3,2.9,4.6,7.4,0.6,0.3,1.1,1.4,12.5
Martell Webster,82,21.5,7.0,2.4,6.0,39.6,1.1,3.0,36.4,1.1,1.6,70.5,0.5,2.4,2.9,0.6,0.4,0.2,0.9,6.2
Donyell Marshall,81,16.8,7.0,2.6,6.1,42.4,1.2,3.3,35.1,0.7,1.0,66.3,1.1,2.9,4.0,0.6,0.5,0.5,0.8,7.9
Paul Millsap,82,18.0,6.8,2.5,4.9,52.5,0.0,0.0,33.3,1.7,2.5,67.3,2.2,2.9,5.2,0.8,0.8,0.9,1.1,10.2
Marcus Williams,79,16.6,6.8,2.6,6.7,39.5,0.6,2.1,28.2,0.9,1.1,84.7,0.4,1.7,2.1,3.3,0.4,0.0,1.8,6.5
Anderson Varejao,81,23.9,6.8,2.4,5.0,47.6,0.0,0.1,0.0,2.0,3.3,61.6,2.4,4.4,6.7,0.9,0.9,0.6,0.8,11.3
Trenton Hassell,76,29.3,6.7,2.9,5.8,49.0,0.1,0.3,24.0,0.9,1.2,78.3,1.1,2.1,3.2,2.7,0.3,0.3,1.1,8.9
Brendan Haywood,77,22.6,6.6,2.6,4.6,55.8,0.0,0.0,0.0,1.5,2.7,54.8,2.5,3.7,6.2,0.6,0.4,1.1,1.2,10.6
Eduardo Najera,75,22.1,6.6,2.7,4.7,57.6,0.0,0.2,8.3,1.2,1.6,71.5,1.7,2.4,4.1,0.9,1.0,0.3,0.7,9.7
Jamaal Magloire,81,21.0,6.5,2.5,4.9,50.4,0.0,0.0,0.0,1.6,3.0,54.1,1.9,4.2,6.1,0.4,0.3,0.8,1.6,8.7
Steve Blake,82,27.1,6.4,2.5,6.2,41.1,0.8,2.5,32.2,0.5,0.8,67.2,0.3,1.8,2.1,5.0,0.7,0.1,1.6,8.8
Steven Hunter,70,22.9,6.4,2.7,4.7,57.7,0.0,0.0,0.0,1.1,2.2,49.0,1.6,3.2,4.8,0.4,0.2,1.1,0.9,8.9
Rajon Rondo,78,23.5,6.4,2.4,5.8,41.8,0.1,0.4,20.7,1.5,2.4,64.7,0.9,2.8,3.7,3.8,1.6,0.1,1.8,9.8
Ben Wallace,77,35.0,6.4,2.5,5.5,45.3,0.0,0.1,20.0,1.4,3.5,40.8,3.9,6.7,10.7,2.4,1.4,2.0,1.3,16.6
James Jones,76,18.1,6.4,2.1,5.8,36.8,1.2,3.1,37.8,0.9,1.1,87.7,0.4,1.9,2.3,0.6,0.4,0.6,0.4,6.1
Joey Graham,79,16.7,6.4,2.4,4.9,49.5,0.1,0.4,29.0,1.4,1.7,84.0,0.7,2.4,3.1,0.6,0.4,0.1,0.6,7.1
Bruce Bowen,82,30.0,6.2,2.3,5.7,40.5,1.1,2.8,38.4,0.5,0.9,58.9,0.3,2.4,2.7,1.4,0.8,0.3,0.8,6.9
Johan Petro,81,18.6,6.2,2.8,5.4,51.6,0.0,0.0,0.0,0.6,1.0,64.9,1.1,3.0,4.1,0.6,0.5,0.6,1.0,8.0
Rasho Nesterovic,80,21.0,6.2,2.9,5.3,54.6,0.0,0.0,0.0,0.4,0.6,68.0,1.4,3.1,4.5,0.9,0.5,1.1,0.7,9.8
Sebastian Telfair,78,20.2,6.1,2.3,6.1,37.1,0.5,1.6,28.9,1.2,1.4,81.8,0.2,1.2,1.4,2.8,0.6,0.1,1.3,5.7
P.J. Brown,72,20.2,6.1,2.4,5.8,40.7,0.0,0.0,0.0,1.3,1.7,78.7,1.8,3.0,4.8,0.7,0.3,0.7,1.2,7.6
Francisco Garcia,79,17.8,6.0,2.1,4.8,42.9,0.7,1.9,35.6,1.2,1.4,83.3,0.7,1.9,2.6,1.1,0.6,0.5,0.9,6.9
Darrell Armstrong,81,15.7,5.6,1.9,4.7,41.4,0.9,2.6,33.6,0.9,1.1,78.5,0.4,1.2,1.7,2.4,0.9,0.1,0.9,6.7
Chuck Hayes,78,22.0,5.6,2.5,4.3,57.3,0.0,0.0,0.0,0.7,1.1,61.8,2.6,4.1,6.7,0.6,0.9,0.2,0.8,10.9
Shelden Williams,81,18.7,5.5,2.0,4.5,45.5,0.0,0.0,50.0,1.4,1.8,76.4,1.6,3.8,5.4,0.5,0.6,0.5,1.2,8.5
Ronny Turiaf,72,15.1,5.3,2.0,3.7,54.9,0.0,0.0,0.0,1.2,1.9,66.4,1.2,2.4,3.6,0.9,0.2,1.1,0.7,8.1
Marko Jaric,70,22.2,5.3,1.9,4.6,41.8,0.5,1.2,37.6,1.0,1.3,76.1,0.8,1.9,2.6,2.1,1.1,0.2,1.3,7.0
Quinton Ross,81,21.0,5.2,2.2,4.7,46.7,0.0,0.1,20.0,0.8,1.1,78.2,0.7,1.6,2.3,1.1,0.9,0.4,0.4,6.8
Carlos Delfino,82,16.7,5.2,1.9,4.6,41.5,0.6,1.7,33.3,0.9,1.1,78.7,0.8,2.4,3.2,1.1,0.6,0.1,0.7,6.5
Tyrus Thomas,72,13.4,5.2,1.9,3.9,47.5,0.0,0.0,0.0,1.5,2.4,60.6,1.2,2.5,3.7,0.6,0.6,1.1,1.3,6.9
Francisco Elson,70,19.0,5.0,2.1,4.0,51.1,0.0,0.0,0.0,0.9,1.1,77.5,1.2,3.6,4.8,0.8,0.4,0.8,1.2,8.4
Beno Udrih,73,13.0,4.7,1.7,4.7,36.9,0.5,1.6,28.7,0.7,0.8,88.3,0.2,1.0,1.1,1.7,0.4,0.0,0.8,4.0
Mickael Gelabale,70,17.7,4.6,1.7,3.8,46.2,0.2,0.7,23.4,0.9,1.2,80.5,0.8,1.6,2.5,0.8,0.3,0.3,0.7,5.6
Kendrick Perkins,72,21.9,4.5,1.8,3.7,49.1,0.0,0.0,0.0,0.8,1.4,60.0,1.6,3.6,5.2,1.3,0.3,1.3,1.6,8.6
Jordan Farmar,72,15.1,4.4,1.7,4.1,42.2,0.6,1.9,32.8,0.4,0.5,71.1,0.3,1.3,1.7,1.9,0.6,0.1,1.0,5.2
Fabricio Oberto,79,17.3,4.4,2.0,3.6,56.2,0.0,0.0,0.0,0.4,0.6,64.7,1.7,3.0,4.7,0.9,0.3,0.3,0.9,7.9
Jake Voskuhl,73,14.3,4.4,1.7,3.5,47.5,0.0,0.0,0.0,1.1,1.5,68.1,1.2,2.4,3.5,0.6,0.4,0.3,0.8,6.1
Jeff Foster,75,23.2,4.3,1.6,3.5,46.9,0.0,0.0,0.0,1.0,1.6,63.9,3.4,4.7,8.1,0.8,0.8,0.5,0.9,11.1
Sasha Vujacic,73,12.8,4.3,1.4,3.7,39.2,0.8,2.2,37.3,0.6,0.7,87.8,0.4,1.1,1.5,0.9,0.6,0.0,0.4,4.5
Eric Snow,82,23.5,4.2,1.6,4.0,41.7,0.0,0.0,0.0,0.9,1.4,63.7,0.4,1.9,2.3,4.0,0.7,0.2,1.4,7.2
Greg Buckner,76,18.1,4.0,1.6,3.9,41.1,0.4,1.4,31.1,0.4,0.4,79.4,0.5,1.6,2.1,0.9,0.6,0.1,0.5,4.8
Thabo Sefolosha,71,12.2,3.6,1.5,3.6,42.6,0.2,0.6,35.7,0.3,0.6,51.1,0.5,1.7,2.2,0.8,0.5,0.2,0.8,4.0
Dikembe Mutombo,75,17.2,3.1,1.1,2.0,55.6,0.0,0.0,0.0,0.8,1.2,69.0,2.2,4.3,6.5,0.2,0.3,1.0,0.5,9.3
Jarron Collins,82,11.1,2.5,0.9,2.1,44.1,0.0,0.0,0.0,0.7,1.0,65.1,0.9,1.2,2.1,0.7,0.2,0.1,0.5,3.6
DeSagana Diop,81,18.3,2.3,0.9,1.9,47.0,0.0,0.0,0.0,0.6,1.1,55.8,2.0,3.4,5.4,0.4,0.5,1.4,0.8,7.8
Jason Collins,80,23.1,2.1,0.7,1.9,36.4,0.0,0.0,0.0,0.7,1.6,46.5,1.1,2.8,4.0,0.6,0.5,0.5,0.9,4.7
